413,16193,0.5525
1323,63688,0.5201
2740,58327,0.5114
5352,42740,0.5169
7715,35810,0.5165
8001,18866,0.5132
9017,58327,0.5315
9017,70717,0.5319
9017,79445,0.5294
9017,85466,0.5014
9771,78516,0.5290
13751,66758,0.5089
16013,82714,0.5167
16193,32869,0.5127
18866,34193,0.5293
18866,62897,0.5480
18866,75159,0.5273
19152,68323,0.5127
20163,100078,0.5056
20443,74190,0.5336
20676,63688,0.5213
20676,73744,0.5007
20676,85466,0.5096
30250,32305,0.5122
30250,49458,0.5278
30250,61924,0.5064
30524,55032,0.7236
33755,47112,0.5549
36382,81962,0.5112
42121,78516,0.5078
42740,55104,0.5042
47112,68874,0.5053
47112,98667,0.5271
47929,80238,0.5147
50917,63688,0.5064
52494,99903,0.8379
53266,56568,0.5271
54719,68874,0.5041
54719,89492,0.5002
56568,74190,0.5117
58327,70717,0.5339
58327,85466,0.5030
58327,91946,0.5087
58327,94606,0.5082
59756,76984,0.5363
63688,70291,0.5139
63688,85466,0.5317
70291,81962,0.5098
73056,100976,0.5724
73744,77806,0.5067
81962,84847,0.5068
85466,91157,0.5032
91157,96809,0.5178
91351,102558,0.5188
