413,4345,0.5492
413,18480,0.5176
413,29806,0.5335
413,74190,0.5498
413,81962,0.5097
413,83056,0.5010
413,94018,0.5040
413,99846,0.5091
451,7623,0.5252
451,42121,0.5011
781,46364,0.5109
782,15714,0.5071
1323,63688,0.5201
1323,73537,0.5029
1323,90659,0.5058
1323,91351,0.5064
1738,10582,0.5141
2740,53266,0.5075
3583,33755,0.5132
3583,74895,0.5045
4345,74190,0.5013
6544,15714,0.5028
6544,96075,0.5059
6876,36382,0.5003
7090,47929,0.5039
7623,8001,0.5035
7623,15038,0.5124
7623,15959,0.5016
7623,20443,0.5227
7623,36824,0.5259
7623,53266,0.5361
7623,67674,0.5045
7623,70717,0.5002
7623,72732,0.5180
7623,74190,0.5404
7623,94427,0.5031
7715,35810,0.5165
7848,34193,0.5143
7872,9771,0.5189
7872,18866,0.5788
7872,20443,0.5194
7872,53266,0.5226
8001,18866,0.5132
8001,70717,0.5086
8001,72732,0.5017
8001,74190,0.5094
8295,33755,0.5120
9017,36824,0.5233
9017,37277,0.5008
9017,53266,0.5088
9017,70717,0.5319
9017,93602,0.5063
9548,46364,0.5010
9771,16193,0.5455
9771,18866,0.5556
9771,53266,0.5163
9771,84869,0.5025
10030,43038,0.5064
10232,100548,0.5063
10582,38030,0.5095
10611,53266,0.5048
11303,17469,0.5031
11367,50546,0.5003
11367,74356,0.5204
11737,49458,0.5242
12451,85466,0.5033
12451,96809,0.5016
12895,47929,0.5332
12895,68130,0.5009
13028,63688,0.5021
13028,66326,0.5007
13028,70291,0.5006
13028,77806,0.5106
13028,79038,0.5192
13028,90659,0.5097
13028,101403,0.5069
13751,81962,0.5280
13751,100078,0.5017
13925,69096,0.5060
14841,93450,0.5055
15038,18866,0.5100
15038,36824,0.5068
15038,46364,0.5312
15038,53266,0.5146
15038,61876,0.5221
15038,68323,0.5074
15038,72732,0.5220
15038,96624,0.5091
15038,100078,0.5045
15161,35418,0.5051
15959,70717,0.5067
16013,51236,0.5043
16013,53266,0.5354
16013,62897,0.5064
16013,82714,0.5167
16013,94018,0.5072
16193,18866,0.5428
16193,38030,0.5006
16193,80000,0.5133
16360,68861,0.5128
17469,91157,0.5045
18480,81962,0.5011
18866,20443,0.5502
18866,42121,0.5135
18866,53266,0.5737
18866,56568,0.5279
18866,74190,0.5250
18866,94018,0.5438
19152,43038,0.5100
19152,58327,0.5002
19152,70291,0.5017
19152,81962,0.5394
19152,85466,0.5127
19152,94018,0.5160
19818,50546,0.5011
20028,94427,0.5108
20443,30058,0.5119
20443,54719,0.5105
20443,62897,0.5092
20443,68874,0.5222
20443,70291,0.5106
20443,81962,0.5125
23895,47929,0.5066
24207,44468,0.5003
25739,74190,0.5143
26478,85466,0.5043
27706,53266,0.5105
27706,74190,0.5173
29806,67674,0.5446
30129,81962,0.5110
30250,32305,0.5122
30250,66679,0.5206
30250,96075,0.5038
30524,55032,0.7236
31776,73537,0.5109
31818,36824,0.5093
31818,58327,0.5248
32305,35418,0.5149
32305,47929,0.5212
32305,78972,0.5257
32933,46527,0.5075
33145,94054,0.5136
33366,47727,0.5067
33366,53266,0.5370
33366,62897,0.5141
33366,63688,0.5052
33366,68874,0.5085
33366,70291,0.5246
33366,75288,0.5063
33366,81962,0.5006
33366,85466,0.5277
33366,90659,0.5296
33381,68323,0.5033
33755,47112,0.5549
33755,73537,0.5324
33755,73568,0.5015
33755,91351,0.5013
33755,98667,0.5029
33755,98687,0.5212
34005,67674,0.5176
34005,74190,0.5420
34193,71302,0.5045
34360,91157,0.5081
35418,37206,0.5021
35418,47929,0.5418
35418,50546,0.5130
35418,56568,0.5048
35418,81962,0.5062
35418,91157,0.5094
35418,100078,0.5041
36824,37277,0.5048
36824,70291,0.5046
36824,79445,0.5144
36824,96624,0.5064
37277,96624,0.5131
38298,81962,0.5130
38893,78972,0.5077
42121,43038,0.5004
42121,91157,0.5035
42740,55104,0.5042
42842,94018,0.5185
43038,53266,0.5162
43038,81962,0.5075
43038,94018,0.5008
46191,47929,0.5188
46191,90659,0.5041
46364,67674,0.5388
46364,70717,0.5063
46364,74190,0.5230
46552,85466,0.5038
47112,58648,0.5133
47929,52773,0.5035
47929,54719,0.5059
47929,73568,0.5272
47929,74842,0.5243
47929,80238,0.5147
47929,91157,0.5487
47929,98667,0.5140
47929,100078,0.5097
47929,100548,0.5264
49869,96075,0.5008
50435,53266,0.5353
50546,68130,0.5123
51233,94018,0.5308
51236,68874,0.5085
52380,96075,0.5068
52431,53266,0.5197
52494,99903,0.8379
53266,61933,0.5272
53266,62897,0.5066
53266,67674,0.5263
53266,70559,0.5090
53266,70717,0.5271
53266,72732,0.5030
53266,74190,0.5383
53266,89566,0.5055
53266,93450,0.5073
53266,96624,0.5174
53266,100078,0.5391
54719,63973,0.5117
54719,68874,0.5041
54966,93602,0.5005
56568,66758,0.5134
56568,74190,0.5117
56568,81962,0.5345
58327,70717,0.5339
58327,87448,0.5084
58327,91946,0.5087
59636,91157,0.5007
61054,91351,0.5013
61540,74190,0.5132
61876,67674,0.5102
61876,74190,0.5088
61924,93765,0.5084
62472,91351,0.5131
62897,71373,0.5202
62897,99432,0.5038
63688,66326,0.5095
63688,70291,0.5139
63688,73537,0.5148
63688,79038,0.5058
63688,85466,0.5317
63688,90659,0.5487
63688,91351,0.5227
63973,70291,0.5051
63973,96075,0.5037
63989,73959,0.5926
64420,70291,0.5070
64420,78516,0.5050
64420,96624,0.5151
66326,90659,0.5195
66463,101356,0.5159
66758,67612,0.5136
66758,81962,0.5224
66758,84847,0.5034
66758,85266,0.5071
67674,74190,0.5385
68130,100548,0.5023
68323,74190,0.5269
68323,81962,0.5273
68323,100950,0.5002
68874,75288,0.5017
68874,85466,0.5206
68874,90659,0.5134
68874,91157,0.5053
68874,91351,0.5148
68874,102558,0.5055
70291,78516,0.5039
70291,81962,0.5098
70291,85466,0.5258
70291,90659,0.5211
70291,91157,0.5242
70291,94018,0.5097
70291,100078,0.5193
70717,74190,0.5059
71302,75159,0.5252
73056,100976,0.5724
73537,90659,0.5065
73537,98667,0.5093
73568,90659,0.5056
73568,100548,0.5069
74190,81962,0.5544
74190,87233,0.5021
74190,94427,0.5138
74190,100078,0.5092
78299,85765,0.5045
78299,98687,0.5127
78516,100078,0.5584
78972,91157,0.5052
79038,94018,0.5012
80238,91157,0.5040
80238,100078,0.5041
81962,83312,0.5184
81962,84847,0.5068
81962,91157,0.5022
81962,94018,0.5590
81962,100078,0.5333
81962,100950,0.5184
81962,101403,0.5002
82602,85466,0.5131
82714,83056,0.5169
82714,84061,0.5110
83312,96075,0.5057
83312,101403,0.5104
84847,94018,0.5085
85466,90659,0.5341
85466,91351,0.5090
85466,101403,0.5157
85466,102558,0.5027
86370,94018,0.5136
89566,91157,0.5031
90659,101403,0.5257
91157,94018,0.5230
91157,100078,0.5401
91351,102558,0.5188
92816,102068,0.5048
94018,97493,0.5192
96075,101403,0.5005
96624,100078,0.5098
