413,3821
413,4345
413,15038
413,16193
413,18480
413,29806
413,34005
413,44622
413,74190
413,78445
413,81962
413,82714
413,83056
413,84061
413,94018
413,99846
451,7623
451,42121
781,46364
782,15714
1323,20163
1323,47112
1323,47929
1323,63688
1323,73537
1323,90659
1323,91351
1371,19439
1371,83312
1738,10582
1788,7623
2740,53266
2740,58327
2740,81962
2740,90296
2825,70717
3583,26562
3583,33755
3583,34365
3583,47929
3583,58248
3583,74895
3821,74190
4345,74190
5352,30129
6544,15714
6544,96075
6544,97918
6876,36382
7090,47929
7623,8001
7623,9017
7623,10582
7623,15038
7623,15959
7623,20443
7623,20788
7623,31818
7623,35418
7623,36824
7623,48524
7623,53266
7623,58327
7623,61540
7623,67674
7623,70291
7623,70717
7623,72732
7623,74190
7623,75834
7623,77806
7623,85466
7623,88886
7623,94427
7623,94606
7623,96176
7623,102677
7715,35810
7848,18866
7848,33145
7848,34193
7872,9771
7872,12834
7872,18866
7872,20443
7872,33366
7872,52773
7872,53266
7872,62897
7872,71373
7872,79225
7872,85466
7872,91351
7872,99432
7872,102558
8001,10582
8001,18866
8001,33366
8001,35418
8001,51236
8001,61933
8001,70291
8001,70717
8001,72732
8001,74190
8001,78516
8001,85466
8156,33755
8295,33755
8295,66679
8399,18866
9017,16360
9017,36824
9017,37277
9017,53266
9017,68101
9017,70717
9017,75288
9017,93602
9548,46364
9771,10582
9771,16193
9771,18866
9771,30395
9771,42740
9771,44231
9771,51236
9771,52773
9771,53266
9771,55104
9771,70291
9771,78516
9771,78972
9771,84869
9771,100078
9771,103531
9872,33755
10030,43038
10232,100548
10511,63688
10511,90659
10582,15038
10582,18866
10582,20443
10582,26478
10582,33366
10582,35226
10582,35769
10582,38030
10582,53266
10582,63688
10582,67674
10582,70291
10582,72732
10582,74190
10582,85466
10582,90659
10582,99432
10611,53266
10611,85466
11107,29806
11303,17469
11367,50546
11367,74356
11737,25620
11737,28481
11737,49458
12038,33755
12038,47112
12038,63973
12038,73537
12451,34360
12451,47929
12451,85466
12451,96809
12834,85466
12834,97493
12895,29793
12895,33755
12895,47112
12895,47929
12895,68130
12895,90659
12895,101403
13028,20163
13028,63688
13028,66326
13028,70291
13028,77806
13028,79038
13028,90659
13028,100078
13028,101403
13620,49650
13751,80238
13751,81962
13751,98994
13751,100078
13925,69096
13925,85292
14666,37176
14841,93450
14984,30250
15038,16193
15038,18866
15038,29806
15038,33145
15038,36824
15038,46364
15038,53266
15038,61876
15038,68323
15038,70291
15038,72732
15038,82714
15038,96624
15038,100078
15161,35418
15161,47929
15161,51236
15161,53266
15161,70717
15714,66326
15959,70717
16013,18480
16013,18866
16013,19152
16013,33381
16013,51236
16013,53266
16013,56568
16013,62897
16013,78313
16013,78516
16013,82714
16013,94018
16193,18866
16193,32869
16193,34827
16193,38030
16193,64420
16193,74190
16193,78516
16193,80000
16360,68861
16360,70717
16360,85466
16507,98294
17469,34360
17469,56382
17469,61279
17469,90659
17469,91157
17469,97918
18480,46364
18480,74190
18480,81962
18866,19152
18866,20443
18866,30058
18866,33366
18866,34193
18866,34827
18866,35418
18866,42121
18866,50435
18866,51236
18866,52773
18866,53266
18866,56568
18866,62897
18866,68874
18866,70291
18866,71302
18866,71373
18866,74190
18866,75159
18866,78516
18866,78972
18866,79225
18866,84061
18866,85466
18866,91157
18866,91351
18866,92352
18866,94018
18866,94054
18866,97493
18866,99432
18866,100078
18866,102558
18956,83312
19000,83312
19152,35418
19152,43038
19152,47929
19152,51236
19152,56568
19152,58327
19152,66758
19152,68323
19152,70291
19152,81962
19152,85466
19152,86370
19152,94018
19152,94427
19152,100078
19152,100950
19215,53266
19439,66239
19818,33755
19818,50546
20028,94427
20163,70291
20163,77806
20163,82602
20163,85466
20163,90659
20163,100078
20443,26478
20443,30058
20443,35226
20443,54719
20443,58327
20443,62897
20443,68874
20443,70291
20443,81962
20443,85466
20676,33755
20676,35418
20676,52380
20676,63688
20676,73744
20676,85466
20676,90659
20676,101403
20788,74190
22862,47929
23895,47929
24207,37176
24207,44468
25620,68619
25620,96075
25739,74190
26478,38030
26478,78268
26478,85466
26562,33755
26562,47112
26562,47929
26562,90659
26562,100800
26865,33366
26865,70291
26865,90659
27706,53266
27706,74190
29806,30312
29806,33145
29806,34005
29806,36824
29806,58327
29806,67674
29806,70717
29806,74190
29806,96624
30129,42842
30129,81962
30129,94018
30250,32305
30250,33755
30250,47112
30250,49458
30250,50546
30250,61924
30250,66679
30250,72379
30250,87444
30250,96075
30250,101403
30312,36824
30312,58327
30438,47929
30524,55032
31776,73537
31818,36824
31818,44326
31818,46364
31818,58327
31818,79445
32305,35418
32305,47929
32305,51236
32305,53266
32305,78972
32545,47929
32671,100078
32716,91351
32869,55104
32933,46527
33145,47929
33145,50435
33145,94054
33145,100078
33245,70717
33366,35418
33366,42121
33366,47112
33366,47727
33366,53266
33366,62897
33366,63688
33366,65239
33366,67674
33366,68874
33366,70291
33366,72732
33366,74190
33366,75288
33366,81962
33366,85466
33366,89566
33366,90659
33366,91157
33366,99432
33381,68323
33755,35418
33755,35854
33755,36382
33755,46936
33755,47112
33755,47929
33755,50356
33755,50546
33755,51236
33755,63973
33755,67876
33755,68130
33755,68344
33755,68874
33755,73537
33755,73568
33755,75898
33755,81869
33755,82728
33755,85466
33755,90659
33755,91157
33755,91351
33755,98667
33755,98687
33755,100548
33755,101403
33755,102009
34005,67674
34005,74190
34005,81962
34132,81962
34193,71302
34193,86156
34193,97493
34360,68130
34360,91157
34360,100078
35226,85466
35418,37206
35418,47112
35418,47929
35418,50546
35418,51236
35418,52431
35418,53266
35418,56568
35418,70717
35418,81962
35418,83312
35418,85466
35418,90659
35418,91157
35418,100078
35418,101403
35769,85466
35810,41262
36041,63688
36041,70291
36041,85466
36382,37176
36824,37277
36824,38030
36824,58327
36824,61933
36824,67674
36824,70291
36824,77806
36824,79445
36824,91531
36824,96624
36959,81962
37176,47194
37176,92294
37176,99244
37277,96624
37358,47929
37358,90659
38030,58327
38030,85466
38298,74190
38298,81962
38298,82714
38298,88886
38392,47112
38702,47112
38702,81962
38893,47112
38893,47929
38893,78972
42121,43038
42121,85466
42121,91157
42740,55104
42842,84847
42842,94018
43038,53266
43038,81962
43038,91579
43038,94018
43099,91351
43128,56267
44550,73537
46191,47929
46191,90659
46204,99432
46364,49456
46364,67674
46364,70717
46364,74190
46364,82714
46527,49456
46552,85466
47112,47929
47112,54678
47112,54719
47112,58648
47112,63688
47112,63973
47112,64255
47112,68344
47112,68874
47112,72387
47112,73537
47112,85466
47112,90659
47112,91157
47112,98667
47727,72732
47929,50546
47929,51236
47929,52380
47929,52773
47929,53266
47929,54719
47929,63688
47929,64255
47929,68344
47929,68874
47929,70291
47929,73148
47929,73537
47929,73568
47929,74842
47929,80238
47929,81869
47929,83312
47929,85466
47929,89492
47929,89566
47929,90659
47929,91157
47929,91351
47929,93450
47929,94827
47929,96075
47929,98667
47929,100053
47929,100078
47929,100548
47929,101403
47929,102558
48991,82714
49458,74623
49616,53266
49869,96075
50356,72387
50435,53266
50435,102558
50439,83312
50458,60182
50546,68130
50546,90659
50546,96075
50546,101403
50917,63688
51233,80238
51233,81962
51233,94018
51233,100078
51236,53266
51236,68874
51236,70559
51236,78516
51236,78972
51236,83312
51236,85466
51236,91351
51236,101403
52316,85466
52380,96075
52431,53266
52431,85466
52431,101403
52494,99903
52611,96624
52773,85466
52773,102558
53266,61933
53266,62897
53266,64420
53266,67674
53266,68874
53266,70291
53266,70559
53266,70717
53266,72732
53266,74190
53266,78516
53266,81962
53266,82602
53266,83312
53266,89566
53266,90659
53266,91157
53266,93450
53266,96624
53266,100078
53266,102558
54719,63973
54719,68874
54719,89492
54966,93602
55063,73537
55235,97493
56568,66758
56568,74190
56568,81962
56568,83312
56568,94018
56951,82714
57354,72086
58327,67674
58327,70717
58327,85466
58327,87448
58327,91946
58327,92029
58327,94606
59636,91157
61054,91351
61540,74190
61876,67674
61876,74190
61924,93765
62472,91351
62897,71373
62897,85466
62897,97493
62897,99432
63259,63688
63259,90659
63688,66326
63688,70291
63688,73537
63688,79038
63688,85466
63688,86735
63688,90659
63688,91351
63688,96176
63800,96624
63973,70291
63973,73299
63973,73568
63973,90659
63973,96075
63973,101403
63989,73959
64420,70291
64420,78516
64420,96624
64781,97493
66326,90659
66326,100548
66463,78029
66463,101356
66758,67612
66758,81962
66758,83312
66758,84847
66758,85266
66758,94018
66758,98763
66758,98994
67674,74190
67674,81962
68101,93602
68130,90659
68130,100548
68158,81962
68323,74190
68323,81962
68323,86370
68323,100950
68874,75288
68874,78516
68874,85466
68874,90659
68874,91157
68874,91351
68874,102558
69679,74190
70291,78516
70291,81962
70291,85466
70291,90659
70291,91157
70291,94018
70291,100078
70717,74190
70717,92029
71302,75159
72732,85466
73056,100976
73537,73744
73537,90659
73537,98667
73568,90659
73568,100548
74190,78516
74190,81962
74190,82714
74190,87233
74190,88886
74190,90296
74190,92163
74190,94018
74190,94427
74190,97493
74190,100078
74874,79320
74874,100976
75288,79724
77398,90659
77806,85466
77806,90659
77806,101403
78004,97493
78268,85466
78268,101403
78299,85765
78299,98687
78516,81962
78516,91157
78516,94018
78516,100078
78972,91157
79038,94018
80238,81962
80238,91157
80238,100078
81458,94018
81458,97493
81962,82714
81962,83312
81962,84596
81962,84847
81962,86156
81962,86231
81962,86370
81962,90296
81962,91157
81962,94018
81962,94427
81962,96624
81962,98243
81962,100078
81962,100950
81962,101403
82246,93602
82602,85466
82714,83056
82714,84061
82714,86231
83312,96075
83312,100078
83312,101403
84847,94018
85466,90659
85466,91157
85466,91351
85466,96176
85466,101403
85466,102558
86370,91157
86370,94018
86370,100078
87444,96075
89566,91157
90296,94018
90659,91157
90659,96176
90659,98667
90659,101403
91157,91351
91157,94018
91157,96809
91157,100078
91157,100548
91351,99432
91351,102558
92816,102068
94018,97493
94018,100078
96075,101403
96624,100078
96809,100078
98294,98623
