413,3821,0.5044
413,4345,0.5492
413,15038,0.5343
413,16193,0.5525
413,18480,0.5176
413,29806,0.5335
413,34005,0.5474
413,44622,0.5013
413,74190,0.5498
413,78445,0.5188
413,81962,0.5097
413,82714,0.5262
413,83056,0.5010
413,84061,0.5042
413,94018,0.5040
413,99846,0.5091
451,7623,0.5252
451,42121,0.5011
781,46364,0.5109
782,15714,0.5071
1323,20163,0.5018
1323,47112,0.5029
1323,47929,0.5095
1323,63688,0.5201
1323,90659,0.5058
1323,91351,0.5064
1371,83312,0.5019
1738,10582,0.5141
1788,7623,0.5230
2740,53266,0.5075
2740,58327,0.5114
2740,81962,0.5018
2740,90296,0.5069
2825,70717,0.5088
3583,26562,0.5103
3583,47929,0.5251
3583,58248,0.5089
3821,74190,0.5028
4345,74190,0.5013
5352,30129,0.5027
6544,15714,0.5028
7090,47929,0.5039
7623,8001,0.5035
7623,9017,0.5438
7623,10582,0.5257
7623,15038,0.5124
7623,15959,0.5016
7623,20443,0.5227
7623,20788,0.5142
7623,31818,0.5065
7623,35418,0.5027
7623,36824,0.5259
7623,48524,0.5056
7623,53266,0.5361
7623,58327,0.5295
7623,61540,0.5089
7623,67674,0.5045
7623,70291,0.5063
7623,72732,0.5180
7623,74190,0.5404
7623,75834,0.5234
7623,85466,0.5299
7623,88886,0.5109
7623,102677,0.5023
7848,18866,0.5081
7848,33145,0.5195
7848,34193,0.5143
7872,9771,0.5189
7872,12834,0.5101
7872,18866,0.5788
7872,20443,0.5194
7872,33366,0.5140
7872,52773,0.5277
7872,53266,0.5226
7872,62897,0.5286
7872,71373,0.5100
7872,79225,0.5046
7872,85466,0.5005
7872,91351,0.5006
7872,99432,0.5297
7872,102558,0.5033
8001,10582,0.5278
8001,18866,0.5132
8001,33366,0.5117
8001,51236,0.5018
8001,61933,0.5066
8001,70291,0.5064
8001,70717,0.5086
8001,72732,0.5017
8001,74190,0.5094
8001,78516,0.5082
8001,85466,0.5125
8295,33755,0.5120
8295,66679,0.5090
8399,18866,0.5086
9017,36824,0.5233
9017,37277,0.5008
9017,53266,0.5088
9017,68101,0.5120
9017,70717,0.5319
9017,93602,0.5063
9548,46364,0.5010
9548,81962,0.5220
9771,10582,0.5002
9771,16193,0.5455
9771,18866,0.5556
9771,30395,0.5040
9771,42740,0.5141
9771,44231,0.5096
9771,51236,0.5073
9771,52773,0.5092
9771,53266,0.5163
9771,55104,0.5312
9771,70291,0.5055
9771,78516,0.5290
9771,78972,0.5020
9771,84869,0.5025
9771,100078,0.5166
9771,103531,0.5106
9872,33755,0.5052
10030,43038,0.5064
10232,100548,0.5063
10511,63688,0.5127
10511,90659,0.5013
10582,15038,0.5183
10582,18866,0.5211
10582,20443,0.5077
10582,26478,0.5080
10582,33366,0.5252
10582,35226,0.5062
10582,35769,0.5057
10582,38030,0.5095
10582,53266,0.5284
10582,63688,0.5195
10582,67674,0.5060
10582,70291,0.5019
10582,72732,0.5315
10582,74190,0.5104
10582,85466,0.5411
10582,99432,0.5205
10611,53266,0.5048
10611,85466,0.5180
11107,29806,0.5197
11303,17469,0.5031
11367,74356,0.5204
11737,25620,0.5093
11737,49458,0.5242
12038,63973,0.5144
12038,73537,0.5167
12451,34360,0.5016
12451,47929,0.5102
12451,85466,0.5033
12451,96809,0.5016
12834,85466,0.5032
12834,97493,0.5101
12895,29793,0.5006
12895,47929,0.5332
12895,68130,0.5009
13028,20163,0.5017
13028,70291,0.5006
13028,77806,0.5106
13028,79038,0.5192
13028,90659,0.5097
13028,100078,0.5043
13620,49650,0.5894
13751,80238,0.5079
13751,81962,0.5280
13751,98994,0.5022
13925,69096,0.5060
13925,85292,0.5003
14666,37176,0.5044
14841,93450,0.5055
15038,16193,0.5378
15038,18866,0.5100
15038,29806,0.5395
15038,33145,0.5256
15038,36824,0.5068
15038,46364,0.5312
15038,53266,0.5146
15038,61876,0.5221
15038,68323,0.5074
15038,70291,0.5015
15038,72732,0.5220
15038,82714,0.5169
15038,96624,0.5091
15038,100078,0.5045
15161,51236,0.5061
15161,70717,0.5110
15714,66326,0.5117
16013,18480,0.5020
16013,18866,0.5145
16013,33381,0.5162
16013,51236,0.5043
16013,53266,0.5354
16013,56568,0.5002
16013,62897,0.5064
16013,78313,0.5138
16013,78516,0.5172
16013,82714,0.5167
16013,94018,0.5072
16193,18866,0.5428
16193,32869,0.5127
16193,34827,0.5098
16193,38030,0.5006
16193,64420,0.5118
16193,74190,0.5305
16193,78516,0.5297
16193,80000,0.5133
16360,68861,0.5128
16360,85466,0.5010
16507,98294,0.5116
17469,34360,0.5128
17469,56382,0.5106
17469,90659,0.5082
17469,91157,0.5045
17469,97918,0.5258
18480,46364,0.5152
18480,74190,0.5147
18480,81962,0.5011
18866,19152,0.5123
18866,20443,0.5502
18866,30058,0.5115
18866,33366,0.5370
18866,34193,0.5293
18866,34827,0.5372
18866,35418,0.5030
18866,42121,0.5135
18866,50435,0.5154
18866,51236,0.5459
18866,52773,0.5270
18866,53266,0.5737
18866,56568,0.5279
18866,62897,0.5480
18866,68874,0.5101
18866,70291,0.5079
18866,71302,0.5132
18866,71373,0.5152
18866,74190,0.5250
18866,75159,0.5273
18866,78516,0.5741
18866,78972,0.5241
18866,79225,0.5077
18866,84061,0.5086
18866,85466,0.5252
18866,91157,0.5402
18866,91351,0.5254
18866,92352,0.5035
18866,94018,0.5438
18866,94054,0.5121
18866,97493,0.5193
18866,99432,0.5381
18866,100078,0.5307
18866,102558,0.5218
19152,43038,0.5100
19152,56568,0.5077
19152,58327,0.5002
19152,68323,0.5127
19152,86370,0.5133
19152,94427,0.5035
19215,53266,0.5068
20163,70291,0.5217
20163,82602,0.5031
20163,85466,0.5082
20163,90659,0.5084
20163,100078,0.5056
20443,26478,0.5018
20443,30058,0.5119
20443,35226,0.5080
20443,58327,0.5270
20443,62897,0.5092
20443,68874,0.5222
20443,70291,0.5106
20443,81962,0.5125
20443,85466,0.5248
20676,85466,0.5096
20788,74190,0.5252
22862,47929,0.5103
23895,47929,0.5066
25739,74190,0.5143
26478,38030,0.5025
26478,78268,0.5055
26478,85466,0.5043
26562,47112,0.5067
26562,100800,0.5055
26865,33366,0.5028
26865,70291,0.5041
27706,53266,0.5105
27706,74190,0.5173
29806,30312,0.5148
29806,33145,0.5121
29806,34005,0.5058
29806,36824,0.5161
29806,58327,0.5242
29806,67674,0.5446
29806,70717,0.5299
29806,74190,0.5200
29806,96624,0.5095
30129,42842,0.5062
30129,81962,0.5110
30129,94018,0.5073
30250,49458,0.5278
30250,96075,0.5038
30312,36824,0.5068
30312,58327,0.5019
30438,47929,0.5159
30524,55032,0.7236
31818,36824,0.5093
31818,44326,0.5023
31818,46364,0.5060
31818,58327,0.5248
31818,79445,0.5244
32305,35418,0.5149
32305,47929,0.5212
32305,51236,0.5496
32305,53266,0.5278
32305,78972,0.5257
32545,47929,0.5123
32671,100078,0.5089
32716,91351,0.5010
32869,55104,0.5012
33145,47929,0.5112
33145,50435,0.5180
33145,94054,0.5136
33145,100078,0.5118
33245,70717,0.5229
33366,42121,0.5096
33366,47112,0.5034
33366,47727,0.5067
33366,53266,0.5370
33366,62897,0.5141
33366,63688,0.5052
33366,65239,0.5050
33366,67674,0.5044
33366,68874,0.5085
33366,70291,0.5246
33366,72732,0.5215
33366,74190,0.5034
33366,75288,0.5063
33366,81962,0.5006
33366,84087,0.5145
33366,85466,0.5277
33366,89566,0.5311
33366,91157,0.5244
33366,99432,0.5031
33381,68323,0.5033
33755,35854,0.5120
33755,46936,0.5116
33755,47929,0.5505
33755,50356,0.5011
33755,50546,0.5137
33755,51236,0.5126
33755,67876,0.5021
33755,68130,0.5222
33755,73537,0.5324
33755,82728,0.5003
33755,91157,0.5104
33755,91351,0.5013
34005,67674,0.5176
34005,74190,0.5420
34005,81962,0.5189
34132,81962,0.5004
34193,71302,0.5045
34193,86156,0.5021
34193,97493,0.5289
34360,68130,0.5023
34360,91157,0.5081
34360,100078,0.5046
35226,85466,0.5082
35418,51236,0.5334
35418,53266,0.5445
35418,81962,0.5062
35769,85466,0.5049
36041,70291,0.5123
36041,85466,0.5037
36382,37176,0.5200
36824,37277,0.5048
36824,38030,0.5024
36824,58327,0.5074
36824,61933,0.5115
36824,67674,0.5162
36824,70291,0.5046
36824,77806,0.5041
36824,79445,0.5144
36824,91531,0.5074
36824,96624,0.5064
37176,47194,0.5044
37176,92294,0.5141
37176,99244,0.5220
37277,96624,0.5131
37358,47929,0.5360
38030,58327,0.5020
38030,85466,0.5140
38298,74190,0.5346
38298,81962,0.5130
38298,82714,0.5211
38298,88886,0.5059
38392,47112,0.5107
38702,47112,0.5061
38702,81962,0.5006
38893,47112,0.5061
38893,47929,0.5198
38893,78972,0.5077
42121,43038,0.5004
42121,85466,0.5006
42121,91157,0.5035
42740,55104,0.5042
42842,84847,0.5013
42842,94018,0.5185
43038,53266,0.5162
43038,81962,0.5075
43038,91579,0.5025
43038,94018,0.5008
43099,91351,0.5027
43128,56267,0.5439
44550,73537,0.5025
46191,47929,0.5188
46191,90659,0.5041
46204,99432,0.5018
46364,49456,0.5082
46364,67674,0.5388
46364,70717,0.5063
46364,74190,0.5230
46364,82714,0.5066
46527,49456,0.5217
46552,85466,0.5038
47112,47929,0.5530
47112,54678,0.5021
47112,54719,0.5108
47112,58648,0.5133
47112,64255,0.5116
47112,68874,0.5053
47112,85466,0.5002
47112,90659,0.5361
47112,91157,0.5121
47112,98667,0.5271
47727,72732,0.5029
47929,52380,0.5191
47929,52773,0.5035
47929,53266,0.5550
47929,54719,0.5059
47929,64255,0.5067
47929,68874,0.5338
47929,70291,0.5231
47929,73537,0.5126
47929,73568,0.5272
47929,74842,0.5243
47929,80238,0.5147
47929,81869,0.5200
47929,83312,0.5289
47929,89566,0.5192
47929,91157,0.5487
47929,91351,0.5262
47929,94827,0.5125
47929,100078,0.5097
47929,100548,0.5264
47929,102558,0.5330
48991,82714,0.5335
49616,53266,0.5081
49869,96075,0.5008
50356,72387,0.5172
50435,53266,0.5353
50435,102558,0.5008
50439,83312,0.5004
50458,60182,0.5854
50546,90659,0.5119
50546,101403,0.5056
50917,63688,0.5064
51233,80238,0.5068
51233,81962,0.5142
51233,94018,0.5308
51233,100078,0.5045
51236,53266,0.5546
51236,68874,0.5085
51236,70559,0.5004
51236,78516,0.5219
51236,78972,0.5409
51236,83312,0.5265
51236,85466,0.5160
51236,91351,0.5146
52316,85466,0.5099
52431,53266,0.5197
52431,85466,0.5184
52431,101403,0.5087
52494,99903,0.8379
52611,96624,0.5141
52773,85466,0.5226
52773,102558,0.5013
53266,61933,0.5272
53266,62897,0.5066
53266,64420,0.5341
53266,67674,0.5263
53266,68874,0.5168
53266,70291,0.5160
53266,70559,0.5090
53266,70717,0.5271
53266,72732,0.5030
53266,74190,0.5383
53266,78516,0.5630
53266,81962,0.5350
53266,82602,0.5083
53266,83312,0.5219
53266,89566,0.5055
53266,91157,0.5228
53266,93450,0.5073
53266,96624,0.5174
53266,100078,0.5391
53266,102558,0.5203
54719,68874,0.5041
55063,73537,0.5186
55235,97493,0.5172
56568,66758,0.5134
56568,74190,0.5117
56568,81962,0.5345
56568,83312,0.5050
56568,94018,0.5274
56951,82714,0.5214
57354,72086,0.5087
58327,67674,0.5237
58327,85466,0.5030
58327,87448,0.5084
58327,91946,0.5087
58327,92029,0.5068
58327,94606,0.5082
59636,91157,0.5007
61054,91351,0.5013
61540,74190,0.5132
61876,67674,0.5102
61876,74190,0.5088
61933,67674,0.5053
62472,91351,0.5131
62897,71373,0.5202
62897,85466,0.5100
62897,97493,0.5052
62897,99432,0.5038
63688,79038,0.5058
63688,85466,0.5317
63688,86735,0.5120
63688,90659,0.5487
63688,91351,0.5227
63688,96176,0.5023
63800,96624,0.5166
63973,70291,0.5051
63973,73299,0.5005
63989,73959,0.5926
64420,70291,0.5070
64420,78516,0.5050
64420,96624,0.5151
64781,97493,0.5283
66758,67612,0.5136
66758,98763,0.5066
66758,98994,0.5011
67674,74190,0.5385
67674,81962,0.5151
68101,93602,0.5234
68130,100548,0.5023
68158,81962,0.5038
68323,74190,0.5269
68323,81962,0.5273
68323,86370,0.5043
68323,100950,0.5002
68874,75288,0.5017
68874,78516,0.5072
68874,85466,0.5206
68874,90659,0.5134
68874,91351,0.5148
68874,102558,0.5055
69679,74190,0.5091
70291,78516,0.5039
70291,81962,0.5098
70291,85466,0.5258
70291,90659,0.5211
70291,91157,0.5242
70291,94018,0.5097
70291,100078,0.5193
70717,74190,0.5059
70717,92029,0.5036
71302,75159,0.5252
72732,85466,0.5073
73056,100976,0.5724
73537,98667,0.5093
73568,100548,0.5069
74190,78516,0.5156
74190,81962,0.5544
74190,82714,0.5114
74190,87233,0.5021
74190,88886,0.5026
74190,90296,0.5081
74190,92163,0.5157
74190,94018,0.5287
74190,94427,0.5138
74190,97493,0.5097
74190,100078,0.5092
74874,79320,0.5289
74874,100976,0.5073
75288,79724,0.5070
77806,85466,0.5088
77806,90659,0.5069
77806,101403,0.5024
78004,97493,0.5006
78268,85466,0.5130
78268,101403,0.5027
78299,98687,0.5127
78516,81962,0.5104
78516,91157,0.5428
78516,94018,0.5403
78516,100078,0.5584
78972,91157,0.5052
79038,94018,0.5012
80238,81962,0.5294
80238,91157,0.5040
80238,100078,0.5041
81458,94018,0.5066
81458,97493,0.5014
81962,82714,0.5237
81962,83312,0.5184
81962,84596,0.5120
81962,84847,0.5068
81962,86156,0.5023
81962,86231,0.5215
81962,86370,0.5137
81962,90296,0.5304
81962,91157,0.5022
81962,94018,0.5590
81962,96624,0.5064
81962,100078,0.5333
82246,93602,0.5087
82602,85466,0.5131
82714,83056,0.5169
82714,84061,0.5110
82714,86231,0.5162
83312,96075,0.5057
83312,100078,0.5042
84847,94018,0.5085
85466,90659,0.5341
85466,91157,0.5032
85466,91351,0.5090
85466,96176,0.5185
85466,101403,0.5157
85466,102558,0.5027
86370,91157,0.5023
86370,94018,0.5136
86370,100078,0.5250
87444,96075,0.5006
89566,91157,0.5031
90296,94018,0.5062
91157,91351,0.5062
91157,94018,0.5230
91157,96809,0.5178
91157,100078,0.5401
91157,100548,0.5156
91351,99432,0.5059
91351,102558,0.5188
92816,102068,0.5048
94018,97493,0.5192
94018,100078,0.5646
96624,100078,0.5098
96809,100078,0.5024
98294,98623,0.5005
