413,15038,0.5343
413,29806,0.5335
413,34005,0.5474
413,46364,0.5290
413,74190,0.5498
413,99846,0.5091
451,7623,0.5252
451,9017,0.5074
508,102068,0.5598
1371,19439,0.5028
1400,33755,0.5080
2740,81962,0.5018
2740,90296,0.5069
3583,26562,0.5103
3583,47929,0.5251
3821,74190,0.5028
4649,9017,0.5292
4649,70717,0.5019
5352,30129,0.5027
6544,97918,0.5070
6876,36382,0.5003
7623,9017,0.5438
7623,48524,0.5056
7623,85466,0.5299
7623,96176,0.5026
7872,99432,0.5297
8001,10582,0.5278
8001,51236,0.5018
8399,18866,0.5086
9017,31818,0.5410
9017,70717,0.5319
9017,96176,0.5090
9771,10582,0.5002
9771,18866,0.5556
9771,78972,0.5020
9771,103531,0.5106
9914,20062,0.5037
10582,18866,0.5211
10582,20443,0.5077
10582,38030,0.5095
10582,66309,0.5047
10582,74190,0.5104
10582,85466,0.5411
10611,85466,0.5180
11737,28481,0.5048
12451,96809,0.5016
13620,49650,0.5894
13751,81962,0.5280
13925,85292,0.5003
14984,98687,0.5123
15038,29806,0.5395
15038,53266,0.5146
15038,96624,0.5091
15161,70717,0.5110
16013,82714,0.5167
16507,98294,0.5116
17309,83079,0.5082
17469,91157,0.5045
17469,97918,0.5258
18387,98687,0.5095
18480,81962,0.5011
18692,40859,0.5092
18866,20443,0.5502
18866,53266,0.5737
18866,56568,0.5279
18866,70291,0.5079
18866,71302,0.5132
18866,71373,0.5152
18866,74190,0.5250
18866,75159,0.5273
18866,78516,0.5741
18866,81962,0.5172
18866,84061,0.5086
18866,91157,0.5402
18866,99432,0.5381
19152,43038,0.5100
19152,47929,0.5145
19152,66758,0.5017
19152,68323,0.5127
19152,81962,0.5394
19152,94018,0.5160
19152,100950,0.5229
19439,66239,0.5032
20443,35226,0.5080
20443,99432,0.5147
20676,52380,0.5117
20676,63688,0.5213
20676,73744,0.5007
20676,85466,0.5096
20676,90659,0.5061
20676,100548,0.5011
20788,32556,0.5175
20788,61540,0.5550
20788,74190,0.5252
20788,88886,0.5196
22862,47929,0.5103
24207,37176,0.5049
25739,74190,0.5143
26562,100800,0.5055
28633,30250,0.5080
29806,70717,0.5299
29806,74190,0.5200
30129,94018,0.5073
30250,48670,0.5216
30250,50546,0.5170
30250,61924,0.5064
30524,55032,0.7236
31776,73537,0.5109
31818,44326,0.5023
32305,47929,0.5212
32556,61540,0.5081
32716,91351,0.5010
33245,58327,0.5052
33366,47727,0.5067
33366,65239,0.5050
33366,89566,0.5311
33366,90659,0.5296
33755,100548,0.5293
34005,67674,0.5176
34360,68130,0.5023
35418,83312,0.5108
36382,37176,0.5200
36382,95412,0.5006
36824,66309,0.5058
36824,67674,0.5162
36959,81962,0.5184
36959,94018,0.5085
37165,100950,0.5168
37358,47929,0.5360
37358,90659,0.5107
38030,99432,0.5072
38298,74190,0.5346
38392,47112,0.5107
41262,47929,0.5079
43038,94018,0.5008
46364,67674,0.5388
46527,49456,0.5217
46552,85466,0.5038
47112,58648,0.5133
47112,63973,0.5130
47112,81869,0.5130
47112,98667,0.5271
47929,50546,0.5325
47929,68874,0.5338
47929,73148,0.5060
47929,81869,0.5200
47929,81962,0.5010
47929,91157,0.5487
48670,95404,0.5151
48991,81962,0.5162
50917,63688,0.5064
51236,101403,0.5104
51236,102558,0.5090
52494,99903,0.8379
52773,85466,0.5226
52773,102558,0.5013
53266,70717,0.5271
53266,86370,0.5020
53266,89566,0.5055
53266,96624,0.5174
54719,63973,0.5117
54966,93602,0.5005
55063,73537,0.5186
56951,82714,0.5214
57354,72086,0.5087
58327,70717,0.5339
58327,96624,0.5110
59756,76984,0.5363
61054,91351,0.5013
62897,71373,0.5202
62897,78516,0.5108
63259,90659,0.5005
63688,66309,0.5013
63688,66326,0.5095
63688,77806,0.5015
63688,91351,0.5227
63973,90659,0.5284
63973,98687,0.5118
63989,73959,0.5926
64420,70717,0.5024
66463,78029,0.5016
66758,84847,0.5034
68101,93602,0.5234
68130,90659,0.5037
68874,90659,0.5134
68874,102558,0.5055
70291,91157,0.5242
70291,94018,0.5097
70291,100078,0.5193
70717,89022,0.5016
70717,96624,0.5149
71302,75159,0.5252
71302,97493,0.5039
73537,73744,0.5017
73537,90659,0.5065
73744,85466,0.5068
74190,81962,0.5544
74190,100078,0.5092
74874,100976,0.5073
75898,85466,0.5069
78268,85466,0.5130
78299,98687,0.5127
78516,91157,0.5428
78516,91351,0.5101
78516,94018,0.5403
81962,82714,0.5237
81962,84596,0.5120
81962,86231,0.5215
81962,90296,0.5304
81962,91157,0.5022
81962,94018,0.5590
81962,96624,0.5064
81962,100078,0.5333
81962,101403,0.5002
82602,85466,0.5131
82714,84061,0.5110
82714,86231,0.5162
82714,96624,0.5250
83312,100078,0.5042
85466,90659,0.5341
85466,91351,0.5090
85466,96176,0.5185
86370,91579,0.5215
86370,94018,0.5136
90659,91157,0.5256
90659,98667,0.5042
90659,100548,0.5069
91157,94018,0.5230
91157,96809,0.5178
91157,100078,0.5401
94018,100078,0.5646
101356,103453,0.5022
