413,4345,0.5492
413,15038,0.5343
413,16193,0.5525
413,29806,0.5335
413,57354,0.5017
413,82714,0.5262
413,83056,0.5010
451,7623,0.5252
451,9017,0.5074
508,102068,0.5598
1323,90659,0.5058
1323,91351,0.5064
1371,19439,0.5028
1371,83312,0.5019
1738,10582,0.5141
1788,7623,0.5230
2740,81962,0.5018
3583,58248,0.5089
4345,74190,0.5013
5352,30129,0.5027
7090,47929,0.5039
7529,58750,0.5115
7623,8001,0.5035
7623,10582,0.5257
7623,15038,0.5124
7623,20788,0.5142
7623,31818,0.5065
7623,36824,0.5259
7623,54548,0.5108
7623,67674,0.5045
7623,72732,0.5180
7623,102677,0.5023
7715,35810,0.5165
7848,18866,0.5081
7848,34193,0.5143
7872,9771,0.5189
7872,12834,0.5101
7872,18866,0.5788
7872,20443,0.5194
7872,52773,0.5277
7872,79225,0.5046
7872,97493,0.5082
8001,15038,0.5083
8001,29806,0.5014
8001,33366,0.5117
8001,53266,0.5271
8001,58327,0.5142
8001,64420,0.5009
8001,67674,0.5207
8156,33755,0.5098
8295,30250,0.5234
8399,18866,0.5086
9017,10131,0.5031
9017,31818,0.5410
9017,79445,0.5294
9017,96176,0.5090
9548,46364,0.5010
9771,16193,0.5455
9771,18866,0.5556
9771,21637,0.5004
9771,33366,0.5200
9771,52773,0.5092
9771,78516,0.5290
9771,100078,0.5166
10232,33755,0.5235
10582,15038,0.5183
10582,33366,0.5252
10582,72732,0.5315
10582,85466,0.5411
10582,93717,0.5021
10582,99432,0.5205
11107,58327,0.5144
11367,74356,0.5204
11737,49458,0.5242
12038,33755,0.5457
12038,98687,0.5167
12834,18866,0.5112
12834,97493,0.5101
12895,29793,0.5006
12895,33755,0.5019
12895,90659,0.5018
12895,101403,0.5072
13028,20163,0.5017
13028,63688,0.5021
13028,70291,0.5006
13028,79038,0.5192
13620,49650,0.5894
13751,66758,0.5089
13751,80238,0.5079
13751,81962,0.5280
13751,98994,0.5022
13925,69096,0.5060
14943,30250,0.5051
14984,30250,0.5089
14984,98687,0.5123
15038,33366,0.5195
15038,55104,0.5034
15038,58327,0.5194
15038,61440,0.5089
15038,61876,0.5221
15038,64420,0.5195
15038,67674,0.5303
15038,68323,0.5074
15038,70291,0.5015
15038,72732,0.5220
15038,82714,0.5169
15038,96624,0.5091
15038,100078,0.5045
15161,18866,0.5161
15161,35418,0.5051
15161,47929,0.5438
15714,20676,0.5047
15714,66326,0.5117
16013,18480,0.5020
16013,33381,0.5162
16013,62897,0.5064
16013,78516,0.5172
16013,82714,0.5167
16193,29806,0.5282
16193,34827,0.5098
16193,53266,0.5054
16193,64420,0.5118
16193,67674,0.5129
16193,74190,0.5305
16193,78516,0.5297
16507,98294,0.5116
17097,92294,0.5113
17309,83079,0.5082
17469,61279,0.5014
17469,90659,0.5082
17469,97918,0.5258
18480,74190,0.5147
18866,20443,0.5502
18866,33366,0.5370
18866,34193,0.5293
18866,42121,0.5135
18866,53266,0.5737
18866,64420,0.5034
18866,78516,0.5741
18866,78972,0.5241
18866,91157,0.5402
18866,94018,0.5438
18866,100078,0.5307
18956,83312,0.5053
19152,35418,0.5244
19152,47929,0.5145
19152,56568,0.5077
19152,66758,0.5017
19152,68323,0.5127
19152,85466,0.5127
19152,86370,0.5133
19152,94427,0.5035
19215,64420,0.5036
20163,70291,0.5217
20163,77806,0.5094
20163,82602,0.5031
20163,85466,0.5082
20443,30058,0.5119
20443,52773,0.5171
20443,67674,0.5034
20443,70291,0.5106
20443,74190,0.5336
20443,78268,0.5005
20443,91946,0.5010
20676,52380,0.5117
20676,73744,0.5007
20676,90659,0.5061
20676,101403,0.5128
22982,91351,0.5003
23895,52380,0.5043
24949,66326,0.5076
25620,49458,0.5029
25739,74190,0.5143
28511,58327,0.5113
28511,91946,0.5011
28633,30250,0.5080
29806,30312,0.5148
29806,33145,0.5121
29806,36824,0.5161
29806,46364,0.5276
29806,57354,0.5140
29806,58327,0.5242
29806,67674,0.5446
29806,68323,0.5040
29806,70717,0.5299
29806,74190,0.5200
30129,94018,0.5073
30250,33755,0.5049
30250,47112,0.5045
30250,47929,0.5160
30250,49458,0.5278
30250,50546,0.5170
30250,61924,0.5064
30250,96075,0.5038
30250,101403,0.5037
30312,58327,0.5019
30438,47929,0.5159
30524,55032,0.7236
30721,47929,0.5018
31776,73537,0.5109
31818,58327,0.5248
31818,79445,0.5244
32305,35418,0.5149
32305,51236,0.5496
32305,53266,0.5278
32671,100078,0.5089
32716,91351,0.5010
33145,47929,0.5112
33145,94054,0.5136
33145,100078,0.5118
33245,58327,0.5052
33245,70717,0.5229
33366,35418,0.5020
33366,53266,0.5370
33366,62897,0.5141
33366,63688,0.5052
33366,64420,0.5138
33366,67674,0.5044
33366,78516,0.5314
33366,79724,0.5005
33366,84087,0.5145
33366,89566,0.5311
33366,99432,0.5031
33381,51233,0.5046
33755,35538,0.5040
33755,47112,0.5549
33755,63973,0.5330
33755,67876,0.5021
33755,68130,0.5222
33755,68344,0.5267
33755,68823,0.5022
33755,73537,0.5324
33755,89492,0.5139
33755,90659,0.5411
33755,91351,0.5013
33755,102009,0.5011
34005,81962,0.5189
34193,97493,0.5289
34360,100078,0.5046
35418,47112,0.5010
35418,50546,0.5130
35418,81962,0.5062
35418,83312,0.5108
35418,101403,0.5251
35810,41262,0.5035
36382,95412,0.5006
36824,58327,0.5074
36824,61933,0.5115
36824,66309,0.5058
36824,79445,0.5144
36959,94018,0.5085
37165,100950,0.5168
37176,92294,0.5141
37176,99244,0.5220
37206,47929,0.5175
37358,47929,0.5360
37358,91157,0.5175
38030,85466,0.5140
38030,99432,0.5072
38298,82714,0.5211
38392,47112,0.5107
38893,78972,0.5077
41262,47929,0.5079
42121,78516,0.5078
42121,91157,0.5035
42842,94018,0.5185
43038,91579,0.5025
44550,63688,0.5064
44550,73537,0.5025
46191,47929,0.5188
46364,67674,0.5388
46364,81962,0.5015
46364,82714,0.5066
46527,49456,0.5217
47112,47929,0.5530
47112,54678,0.5021
47112,58648,0.5133
47112,63688,0.5101
47112,68344,0.5102
47112,73537,0.5378
47112,98667,0.5271
47112,100548,0.5333
47727,72732,0.5029
47929,52380,0.5191
47929,54719,0.5059
47929,58327,0.5070
47929,63259,0.5186
47929,63688,0.5166
47929,64255,0.5067
47929,77806,0.5136
47929,78029,0.5037
47929,79886,0.5083
47929,83312,0.5289
47929,87444,0.5109
47929,89566,0.5192
47929,91157,0.5487
47929,91351,0.5262
47929,96075,0.5098
47929,100053,0.5140
49458,74623,0.5009
49616,53266,0.5081
49869,96075,0.5008
50356,72387,0.5172
50435,53266,0.5353
50458,60182,0.5854
50546,68130,0.5123
50546,101403,0.5056
50917,63688,0.5064
51233,81962,0.5142
51233,94018,0.5308
51233,100078,0.5045
51236,70559,0.5004
51236,77806,0.5037
51236,78972,0.5409
51236,82602,0.5045
51236,85466,0.5160
52316,85466,0.5099
52431,85466,0.5184
52431,101403,0.5087
52494,99903,0.8379
52773,58327,0.5057
53266,58327,0.5299
53266,61933,0.5272
53266,64420,0.5341
53266,67674,0.5263
53266,68323,0.5179
53266,70291,0.5160
53266,70717,0.5271
53266,74190,0.5383
53266,78972,0.5202
53266,79724,0.5147
53266,86370,0.5020
53266,89566,0.5055
53266,91157,0.5228
53266,94018,0.5202
53266,100078,0.5391
53266,100950,0.5036
55063,73537,0.5186
55104,67674,0.5021
55235,97493,0.5172
56568,74190,0.5117
56568,81962,0.5345
56568,83312,0.5050
56951,82714,0.5214
58327,61876,0.5111
58327,67674,0.5237
58327,70717,0.5339
58327,74190,0.5295
58327,78268,0.5089
58327,91946,0.5087
58327,92015,0.5133
59756,76984,0.5363
60284,92816,0.5021
61054,91351,0.5013
61924,93765,0.5084
61933,67674,0.5053
61933,91157,0.5075
61933,100078,0.5006
62897,99432,0.5038
63259,63688,0.5112
63259,91351,0.5017
63688,66309,0.5013
63688,66326,0.5095
63688,73537,0.5148
63688,85466,0.5317
63688,87444,0.5060
63688,90659,0.5487
63688,91351,0.5227
63688,96176,0.5023
63800,96624,0.5166
63973,70291,0.5051
63973,73299,0.5005
63973,90659,0.5284
63973,100548,0.5161
63973,101403,0.5044
63989,73959,0.5926
64420,67674,0.5135
64420,70291,0.5070
64420,70717,0.5024
64420,96624,0.5151
66326,73537,0.5050
66326,90659,0.5195
66463,78029,0.5016
66758,67612,0.5136
66758,81962,0.5224
66758,84847,0.5034
66758,98994,0.5011
67674,68323,0.5086
67674,70717,0.5096
67674,74190,0.5385
67674,81962,0.5151
68101,93602,0.5234
68130,90659,0.5037
68323,70717,0.5127
68323,100950,0.5002
68874,90659,0.5134
69679,74190,0.5091
70291,90659,0.5211
70291,91157,0.5242
70291,94018,0.5097
70291,100078,0.5193
70717,96624,0.5149
72732,85466,0.5073
73056,100976,0.5724
73537,73744,0.5017
73537,89492,0.5020
73537,90659,0.5065
73744,85466,0.5068
74190,78268,0.5038
74190,81962,0.5544
74190,90296,0.5081
74190,97493,0.5097
74190,100078,0.5092
74874,100976,0.5073
75288,79724,0.5070
75898,85466,0.5069
77806,90659,0.5069
78268,85466,0.5130
78516,94018,0.5403
78516,97493,0.5007
78516,100078,0.5584
78972,91157,0.5052
79038,94018,0.5012
80238,91157,0.5040
81458,97493,0.5014
81962,84596,0.5120
81962,91157,0.5022
81962,98243,0.5090
81962,100078,0.5333
81962,101403,0.5002
82602,85466,0.5131
82714,86231,0.5162
82714,96624,0.5250
83312,100078,0.5042
85092,87010,0.5072
85466,91351,0.5090
85466,96176,0.5185
86156,97493,0.5036
86370,91157,0.5023
86370,94018,0.5136
86370,100078,0.5250
87444,96075,0.5006
89566,91157,0.5031
90296,94018,0.5062
90659,91157,0.5256
91157,91351,0.5062
91157,94018,0.5230
91351,99432,0.5059
92816,102068,0.5048
94018,100078,0.5646
96624,100078,0.5098
97493,100078,0.5020
98294,98623,0.5005
98623,103531,0.5068
