413,15038,0.5343
413,16193,0.5525
413,18480,0.5176
413,29806,0.5335
413,57354,0.5017
413,68323,0.5126
413,74190,0.5498
413,81962,0.5097
413,82714,0.5262
413,83056,0.5010
413,84061,0.5042
413,94018,0.5040
451,7623,0.5252
451,42121,0.5011
508,102068,0.5598
781,46364,0.5109
782,15714,0.5071
1323,20163,0.5018
1323,63688,0.5201
1323,73537,0.5029
1323,90659,0.5058
1323,91351,0.5064
1738,10582,0.5141
2740,53266,0.5075
2740,58327,0.5114
2740,90296,0.5069
2825,70717,0.5088
3583,33755,0.5132
3583,34365,0.5041
3583,74895,0.5045
4345,15038,0.5030
4345,46364,0.5087
4345,74190,0.5013
4649,9017,0.5292
5352,42740,0.5169
6544,96075,0.5059
7090,47929,0.5039
7623,8001,0.5035
7623,9017,0.5438
7623,15038,0.5124
7623,15959,0.5016
7623,20443,0.5227
7623,31818,0.5065
7623,35418,0.5027
7623,36824,0.5259
7623,48524,0.5056
7623,53266,0.5361
7623,61540,0.5089
7623,67674,0.5045
7623,70291,0.5063
7623,70717,0.5002
7623,72732,0.5180
7623,74190,0.5404
7623,85466,0.5299
7623,94427,0.5031
7623,94606,0.5060
7623,96176,0.5026
7623,102677,0.5023
7715,35810,0.5165
7848,34193,0.5143
7872,9771,0.5189
7872,12834,0.5101
7872,18866,0.5788
7872,20443,0.5194
7872,33366,0.5140
7872,52773,0.5277
7872,53266,0.5226
7872,62897,0.5286
7872,71373,0.5100
7872,79225,0.5046
7872,85466,0.5005
7872,99432,0.5297
8001,18866,0.5132
8001,70717,0.5086
8001,72732,0.5017
8295,33755,0.5120
8295,66679,0.5090
8399,18866,0.5086
9017,16360,0.5004
9017,31818,0.5410
9017,36824,0.5233
9017,37277,0.5008
9017,53266,0.5088
9017,68101,0.5120
9017,70717,0.5319
9017,79445,0.5294
9017,93602,0.5063
9771,10582,0.5002
9771,16193,0.5455
9771,18866,0.5556
9771,30058,0.5151
9771,30395,0.5040
9771,42740,0.5141
9771,53266,0.5163
9771,78516,0.5290
9771,84869,0.5025
9771,100078,0.5166
9914,20062,0.5037
10030,43038,0.5064
10232,100548,0.5063
10511,90659,0.5013
10582,15038,0.5183
10582,18866,0.5211
10582,35226,0.5062
10582,35769,0.5057
10582,38030,0.5095
10582,63688,0.5195
10582,72732,0.5315
10582,85466,0.5411
11303,17469,0.5031
11367,50546,0.5003
11367,74356,0.5204
11737,25620,0.5093
11737,49458,0.5242
12038,33755,0.5457
12208,16193,0.5030
12451,34360,0.5016
12451,47929,0.5102
12451,85466,0.5033
12451,96809,0.5016
12834,18866,0.5112
12834,85466,0.5032
12834,97493,0.5101
12895,29793,0.5006
12895,33755,0.5019
12895,47112,0.5090
12895,47929,0.5332
12895,68130,0.5009
12895,90659,0.5018
12895,101403,0.5072
13028,20163,0.5017
13028,63688,0.5021
13028,66326,0.5007
13028,70291,0.5006
13028,77806,0.5106
13028,79038,0.5192
13028,90659,0.5097
13028,100078,0.5043
13028,101403,0.5069
13620,49650,0.5894
13751,66758,0.5089
13751,80238,0.5079
13751,81962,0.5280
13751,98994,0.5022
13751,100078,0.5017
13925,69096,0.5060
13925,85292,0.5003
14666,37176,0.5044
14841,93450,0.5055
15038,16193,0.5378
15038,18866,0.5100
15038,20443,0.5043
15038,29806,0.5395
15038,36824,0.5068
15038,46364,0.5312
15038,53266,0.5146
15038,55104,0.5034
15038,61876,0.5221
15038,67674,0.5303
15038,68323,0.5074
15038,72732,0.5220
15038,74190,0.5395
15038,82714,0.5169
15038,96624,0.5091
15038,100078,0.5045
15161,35418,0.5051
15161,70717,0.5110
15714,66326,0.5117
15959,70717,0.5067
16013,18866,0.5145
16013,19152,0.5183
16013,53266,0.5354
16013,62897,0.5064
16013,78516,0.5172
16013,78972,0.5013
16013,82714,0.5167
16193,18866,0.5428
16193,29806,0.5282
16193,32869,0.5127
16193,38030,0.5006
16193,55104,0.5220
16193,64420,0.5118
16193,78516,0.5297
16193,80000,0.5133
16360,68861,0.5128
16360,85466,0.5010
16507,98294,0.5116
17469,34360,0.5128
17469,42740,0.5092
17469,56382,0.5106
17469,91157,0.5045
18480,81962,0.5011
18692,40859,0.5092
18866,20443,0.5502
18866,33366,0.5370
18866,34193,0.5293
18866,34827,0.5372
18866,35418,0.5030
18866,42121,0.5135
18866,51236,0.5459
18866,52773,0.5270
18866,53266,0.5737
18866,56568,0.5279
18866,62897,0.5480
18866,68874,0.5101
18866,71302,0.5132
18866,71373,0.5152
18866,78972,0.5241
18866,79225,0.5077
18866,84061,0.5086
18866,85466,0.5252
18866,91157,0.5402
18866,91351,0.5254
18866,94018,0.5438
18866,94054,0.5121
18866,97493,0.5193
18866,99432,0.5381
18866,102558,0.5218
18956,83312,0.5053
19152,43038,0.5100
19152,51236,0.5103
19152,53266,0.5235
19152,58327,0.5002
19152,70291,0.5017
19152,81962,0.5394
19152,83312,0.5097
19152,85466,0.5127
19152,86370,0.5133
19152,94427,0.5035
19152,100078,0.5065
19818,50546,0.5011
20163,63688,0.5202
20163,82602,0.5031
20163,90659,0.5084
20163,100078,0.5056
20443,30058,0.5119
20443,54719,0.5105
20443,62897,0.5092
20443,81962,0.5125
20676,33755,0.5034
20676,35418,0.5080
20676,63688,0.5213
20676,66326,0.5166
20676,73744,0.5007
20676,85466,0.5096
20676,90659,0.5061
20676,100548,0.5011
20676,101403,0.5128
20788,38298,0.5023
23895,47929,0.5066
24207,37176,0.5049
24207,44468,0.5003
24207,92294,0.5135
24949,66326,0.5076
25620,96075,0.5086
25739,74190,0.5143
26478,85466,0.5043
26562,33755,0.5149
26562,47112,0.5067
26562,90659,0.5050
27706,53266,0.5105
27706,74190,0.5173
27706,81962,0.5024
27706,94018,0.5022
28511,58327,0.5113
29806,30312,0.5148
29806,33145,0.5121
29806,67674,0.5446
29806,74190,0.5200
30129,81962,0.5110
30250,33755,0.5049
30250,61924,0.5064
30250,66679,0.5206
30250,72379,0.5054
30250,87444,0.5121
30250,101403,0.5037
30524,55032,0.7236
31776,73537,0.5109
31818,44326,0.5023
31818,58327,0.5248
31818,79445,0.5244
32305,35418,0.5149
32305,47929,0.5212
32305,51236,0.5496
32305,78972,0.5257
32671,100078,0.5089
32716,91351,0.5010
32933,46527,0.5075
33145,94054,0.5136
33245,70717,0.5229
33366,42121,0.5096
33366,47727,0.5067
33366,53266,0.5370
33366,62897,0.5141
33366,63688,0.5052
33366,65239,0.5050
33366,67674,0.5044
33366,68874,0.5085
33366,70291,0.5246
33366,72732,0.5215
33366,75288,0.5063
33366,81962,0.5006
33366,85466,0.5277
33366,90659,0.5296
33366,91157,0.5244
33366,99432,0.5031
33366,100078,0.5122
33381,68323,0.5033
33755,46936,0.5116
33755,47112,0.5549
33755,50356,0.5011
33755,50546,0.5137
33755,51236,0.5126
33755,54719,0.5061
33755,63973,0.5330
33755,68130,0.5222
33755,73537,0.5324
33755,73568,0.5015
33755,75898,0.5020
33755,81869,0.5003
33755,82728,0.5003
33755,85466,0.5061
33755,90659,0.5411
33755,91157,0.5104
33755,91351,0.5013
33755,98667,0.5029
33755,98687,0.5212
33755,100548,0.5293
33755,101403,0.5175
33755,102009,0.5011
34005,67674,0.5176
34005,74190,0.5420
34193,42842,0.5010
34193,71302,0.5045
34193,86156,0.5021
34360,91157,0.5081
34360,100078,0.5046
35226,85466,0.5082
35418,37206,0.5021
35418,47929,0.5418
35418,50546,0.5130
35418,53266,0.5445
35418,83312,0.5108
35418,85466,0.5167
35418,91157,0.5094
35418,100078,0.5041
35418,101403,0.5251
35769,85466,0.5049
36041,63688,0.5034
36824,37277,0.5048
36824,53266,0.5053
36824,61933,0.5115
36824,70291,0.5046
36824,79445,0.5144
36824,96624,0.5064
36959,94018,0.5085
37165,100950,0.5168
37176,99244,0.5220
37277,96624,0.5131
37358,68130,0.5003
38030,85466,0.5140
38298,74190,0.5346
38298,81962,0.5130
38298,82714,0.5211
38392,47112,0.5107
38893,47112,0.5061
38893,78972,0.5077
41262,51569,0.5136
42121,43038,0.5004
42121,85466,0.5006
42121,91157,0.5035
42740,55104,0.5042
42740,100078,0.5156
42842,94018,0.5185
42842,97493,0.5131
43038,53266,0.5162
43038,81962,0.5075
43038,94018,0.5008
43128,56267,0.5439
44550,73537,0.5025
46191,47929,0.5188
46191,53266,0.5004
46191,90659,0.5041
46364,67674,0.5388
46552,85466,0.5038
47112,47929,0.5530
47112,50356,0.5023
47112,58648,0.5133
47112,63688,0.5101
47112,68874,0.5053
47112,85466,0.5002
47112,90659,0.5361
47112,98667,0.5271
47112,100548,0.5333
47727,72732,0.5029
47929,52380,0.5191
47929,53266,0.5550
47929,54719,0.5059
47929,63688,0.5166
47929,73148,0.5060
47929,73537,0.5126
47929,73568,0.5272
47929,74842,0.5243
47929,80238,0.5147
47929,81869,0.5200
47929,85466,0.5252
47929,91157,0.5487
47929,91351,0.5262
47929,98667,0.5140
47929,100053,0.5140
47929,100078,0.5097
47929,100548,0.5264
47929,102558,0.5330
48991,82714,0.5335
49616,53266,0.5081
49869,96075,0.5008
50435,53266,0.5353
50439,83312,0.5004
50546,68130,0.5123
50546,90659,0.5119
50917,63688,0.5064
51233,80238,0.5068
51233,94018,0.5308
51233,100078,0.5045
51236,53266,0.5546
51236,68874,0.5085
52380,96075,0.5068
52431,53266,0.5197
52431,85466,0.5184
52431,101403,0.5087
52494,99903,0.8379
52773,53266,0.5329
52773,102558,0.5013
53266,61933,0.5272
53266,67674,0.5263
53266,68323,0.5179
53266,70559,0.5090
53266,72732,0.5030
53266,75898,0.5061
53266,78516,0.5630
53266,83312,0.5219
53266,89566,0.5055
53266,90659,0.5082
53266,93450,0.5073
53266,94018,0.5202
53266,96624,0.5174
53266,99432,0.5038
53266,100078,0.5391
53266,101403,0.5113
53266,102558,0.5203
54719,63973,0.5117
54719,68874,0.5041
54966,93602,0.5005
55063,73537,0.5186
56568,66758,0.5134
56568,80238,0.5017
56568,81962,0.5345
57354,72086,0.5087
58327,70717,0.5339
58327,85466,0.5030
58327,87448,0.5084
58327,92029,0.5068
59636,91157,0.5007
61054,91351,0.5013
61540,74190,0.5132
61876,67674,0.5102
61876,74190,0.5088
61924,93765,0.5084
62897,71373,0.5202
62897,85466,0.5100
62897,97493,0.5052
62897,99432,0.5038
63259,63688,0.5112
63259,90659,0.5005
63688,70291,0.5139
63688,73537,0.5148
63688,79038,0.5058
63688,85466,0.5317
63688,86735,0.5120
63688,90659,0.5487
63688,91351,0.5227
63688,96176,0.5023
63973,70291,0.5051
63973,73299,0.5005
63973,73568,0.5088
63973,90659,0.5284
63973,98687,0.5118
63973,101403,0.5044
63989,73959,0.5926
64420,70291,0.5070
64420,78516,0.5050
64420,96624,0.5151
64781,97493,0.5283
66326,90659,0.5195
66758,67612,0.5136
66758,81962,0.5224
66758,84847,0.5034
66758,85266,0.5071
66758,86156,0.5087
66758,94018,0.5065
66758,98994,0.5011
67674,74190,0.5385
68130,90659,0.5037
68130,100548,0.5023
68323,74190,0.5269
68323,81962,0.5273
68323,100078,0.5136
68874,75288,0.5017
68874,78516,0.5072
68874,85466,0.5206
68874,90659,0.5134
68874,91157,0.5053
68874,91351,0.5148
68874,102558,0.5055
70291,81962,0.5098
70291,85466,0.5258
70291,90659,0.5211
70291,91157,0.5242
70291,94018,0.5097
70291,100078,0.5193
70717,74190,0.5059
70717,92029,0.5036
71302,75159,0.5252
71373,97493,0.5151
72732,85466,0.5073
73056,100976,0.5724
73537,90659,0.5065
73537,98667,0.5093
73568,90659,0.5056
73568,100548,0.5069
73744,77806,0.5067
74190,81962,0.5544
74190,82714,0.5114
74190,87233,0.5021
74190,88886,0.5026
74190,94018,0.5287
74190,94427,0.5138
74190,100078,0.5092
74874,79320,0.5289
77398,90659,0.5045
77806,85466,0.5088
78004,97493,0.5006
78268,101403,0.5027
78299,85765,0.5045
78299,98687,0.5127
78516,94018,0.5403
78516,100078,0.5584
79038,94018,0.5012
80238,91157,0.5040
80238,100078,0.5041
80345,93514,0.5007
81458,97493,0.5014
81962,82714,0.5237
81962,83312,0.5184
81962,84847,0.5068
81962,86156,0.5023
81962,90296,0.5304
81962,91157,0.5022
81962,94018,0.5590
81962,94427,0.5218
81962,98243,0.5090
81962,100078,0.5333
82602,85466,0.5131
82714,83056,0.5169
82714,84061,0.5110
82714,86231,0.5162
82714,96624,0.5250
83312,96075,0.5057
83312,100078,0.5042
83312,101403,0.5104
84847,94018,0.5085
85466,90659,0.5341
85466,91157,0.5032
85466,91351,0.5090
85466,101403,0.5157
85466,102558,0.5027
86370,91579,0.5215
86370,94018,0.5136
86370,100078,0.5250
87444,96075,0.5006
89566,91157,0.5031
90296,94018,0.5062
90659,96176,0.5064
90659,101403,0.5257
91157,94018,0.5230
91157,96809,0.5178
91157,100078,0.5401
91157,100548,0.5156
91351,102558,0.5188
92816,102068,0.5048
94018,97493,0.5192
94018,100078,0.5646
96075,101403,0.5005
96624,100078,0.5098
98294,98623,0.5005
101356,103453,0.5022
