413,4345,0.5492
413,15038,0.5343
413,16193,0.5525
413,18480,0.5176
413,34005,0.5474
413,44622,0.5013
413,68323,0.5126
413,74190,0.5498
413,81962,0.5097
413,82714,0.5262
413,83056,0.5010
413,94018,0.5040
413,99846,0.5091
451,7623,0.5252
451,42121,0.5011
508,102068,0.5598
781,46364,0.5109
782,15714,0.5071
1323,73537,0.5029
1323,90659,0.5058
1371,19439,0.5028
1738,10582,0.5141
2740,90296,0.5069
3583,26562,0.5103
3583,33755,0.5132
3583,34365,0.5041
3583,47929,0.5251
3583,58248,0.5089
3583,74895,0.5045
3821,74190,0.5028
4345,74190,0.5013
6544,15714,0.5028
6544,89022,0.5002
6544,96075,0.5059
6876,36382,0.5003
7090,47929,0.5039
7623,8001,0.5035
7623,9017,0.5438
7623,10582,0.5257
7623,15038,0.5124
7623,15959,0.5016
7623,20788,0.5142
7623,35418,0.5027
7623,36824,0.5259
7623,48524,0.5056
7623,53266,0.5361
7623,67674,0.5045
7623,70291,0.5063
7623,70717,0.5002
7623,72732,0.5180
7623,74190,0.5404
7623,75834,0.5234
7623,85466,0.5299
7623,88886,0.5109
7623,94427,0.5031
7623,94606,0.5060
7623,96176,0.5026
7623,102677,0.5023
7715,35810,0.5165
7848,34193,0.5143
7872,9771,0.5189
7872,18866,0.5788
7872,33366,0.5140
7872,52773,0.5277
7872,79225,0.5046
7872,85466,0.5005
8001,10582,0.5278
8001,18866,0.5132
8001,35418,0.5045
8001,36824,0.5124
8001,51236,0.5018
8001,61933,0.5066
8001,64420,0.5009
8001,70291,0.5064
8001,70717,0.5086
8001,72732,0.5017
8001,74190,0.5094
8001,85466,0.5125
8295,33755,0.5120
8295,66679,0.5090
8399,18866,0.5086
9017,16792,0.5012
9017,93602,0.5063
9548,46364,0.5010
9771,10582,0.5002
9771,18866,0.5556
9771,30395,0.5040
9771,53266,0.5163
9771,70291,0.5055
9771,78972,0.5020
9771,84869,0.5025
9771,103531,0.5106
9914,20062,0.5037
10232,33755,0.5235
10232,100548,0.5063
10582,15038,0.5183
10582,18866,0.5211
10582,20443,0.5077
10582,33366,0.5252
10582,38030,0.5095
10582,53266,0.5284
10582,63688,0.5195
10582,67674,0.5060
10582,70291,0.5019
10582,72732,0.5315
10582,74190,0.5104
10582,85466,0.5411
10582,90659,0.5104
10611,85466,0.5180
11303,17469,0.5031
11367,50546,0.5003
11367,74356,0.5204
11737,28481,0.5048
11737,49458,0.5242
12038,33755,0.5457
12038,73537,0.5167
12451,34360,0.5016
12451,47929,0.5102
12451,85466,0.5033
12451,96809,0.5016
12895,29793,0.5006
12895,33755,0.5019
12895,47929,0.5332
12895,90659,0.5018
12895,101403,0.5072
13028,20163,0.5017
13028,70291,0.5006
13028,79038,0.5192
13028,90659,0.5097
13028,100078,0.5043
13620,49650,0.5894
13751,80238,0.5079
13751,81962,0.5280
13751,98994,0.5022
13751,100078,0.5017
13925,69096,0.5060
13925,85292,0.5003
14666,37176,0.5044
14841,93450,0.5055
15038,18866,0.5100
15038,29806,0.5395
15038,33145,0.5256
15038,61876,0.5221
15038,68323,0.5074
15161,35418,0.5051
15161,47929,0.5438
15161,51236,0.5061
15161,53266,0.5364
15161,70717,0.5110
15714,66326,0.5117
16013,18480,0.5020
16013,18866,0.5145
16013,19152,0.5183
16013,33381,0.5162
16013,51236,0.5043
16013,53266,0.5354
16013,56568,0.5002
16013,62897,0.5064
16013,78313,0.5138
16013,78516,0.5172
16013,82714,0.5167
16193,18866,0.5428
16193,32869,0.5127
16193,34827,0.5098
16193,64420,0.5118
16193,74190,0.5305
16193,78516,0.5297
16360,68861,0.5128
16360,70717,0.5155
17469,56382,0.5106
17469,90659,0.5082
17469,91157,0.5045
17469,97918,0.5258
18480,46364,0.5152
18480,74190,0.5147
18480,81962,0.5011
18866,19152,0.5123
18866,20443,0.5502
18866,42121,0.5135
18866,50435,0.5154
18866,51236,0.5459
18866,52773,0.5270
18866,56568,0.5279
18866,62897,0.5480
18866,68874,0.5101
18866,70291,0.5079
18866,74190,0.5250
18866,78972,0.5241
18866,79225,0.5077
18866,85466,0.5252
18866,92352,0.5035
18866,94018,0.5438
19152,35418,0.5244
19152,43038,0.5100
19152,47929,0.5145
19152,51236,0.5103
19152,70291,0.5017
19152,81962,0.5394
19152,85466,0.5127
19152,86370,0.5133
19152,94018,0.5160
19152,100950,0.5229
19439,66239,0.5032
19818,33755,0.5032
20028,94427,0.5108
20163,70291,0.5217
20163,82602,0.5031
20443,26478,0.5018
20443,30058,0.5119
20443,54719,0.5105
20443,58327,0.5270
20443,62897,0.5092
20443,68874,0.5222
20443,70291,0.5106
20443,85466,0.5248
20676,33755,0.5034
20676,73744,0.5007
20676,85466,0.5096
20676,90659,0.5061
20788,74190,0.5252
22862,47929,0.5103
23895,47929,0.5066
24207,37176,0.5049
24652,37277,0.5012
25739,74190,0.5143
26478,85466,0.5043
26562,33755,0.5149
26562,47112,0.5067
26562,47929,0.5029
26562,100800,0.5055
26865,33366,0.5028
26865,70291,0.5041
26865,90659,0.5062
27706,53266,0.5105
27706,81962,0.5024
29806,34005,0.5058
29806,36824,0.5161
29806,68323,0.5040
29806,70717,0.5299
30129,42842,0.5062
30129,81962,0.5110
30129,94018,0.5073
30250,33755,0.5049
30250,66679,0.5206
30250,87444,0.5121
30250,96075,0.5038
30250,101403,0.5037
30312,36824,0.5068
30312,58327,0.5019
30438,47929,0.5159
30524,55032,0.7236
30721,47929,0.5018
31818,36824,0.5093
31818,46364,0.5060
31818,79445,0.5244
32305,47929,0.5212
32305,51236,0.5496
32305,53266,0.5278
32671,100078,0.5089
32869,55104,0.5012
32933,46527,0.5075
33245,70717,0.5229
33366,47112,0.5034
33366,47727,0.5067
33366,53266,0.5370
33366,62897,0.5141
33366,67674,0.5044
33366,68874,0.5085
33366,75288,0.5063
33366,81962,0.5006
33381,68323,0.5033
33755,35418,0.5224
33755,36382,0.5053
33755,37206,0.5145
33755,46936,0.5116
33755,47112,0.5549
33755,47929,0.5505
33755,50356,0.5011
33755,50546,0.5137
33755,51236,0.5126
33755,63973,0.5330
33755,67876,0.5021
33755,68130,0.5222
33755,68344,0.5267
33755,68874,0.5071
33755,73537,0.5324
33755,73568,0.5015
33755,81869,0.5003
33755,82728,0.5003
33755,85466,0.5061
33755,90659,0.5411
33755,91157,0.5104
33755,98667,0.5029
33755,98687,0.5212
33755,101403,0.5175
34005,74190,0.5420
34005,81962,0.5189
34132,81962,0.5004
34193,71302,0.5045
34193,97493,0.5289
34360,68130,0.5023
34360,91157,0.5081
34360,100078,0.5046
35418,47112,0.5010
35418,47929,0.5418
35418,50546,0.5130
35418,51236,0.5334
35418,52431,0.5119
35418,56568,0.5048
35418,70717,0.5231
35418,83312,0.5108
35418,90659,0.5110
35418,91157,0.5094
35418,100078,0.5041
35418,101403,0.5251
35810,41262,0.5035
36041,63688,0.5034
36041,70291,0.5123
36382,37176,0.5200
36824,37277,0.5048
36824,38030,0.5024
36824,58327,0.5074
36824,61933,0.5115
36824,66309,0.5058
36824,67674,0.5162
36824,70291,0.5046
36824,91531,0.5074
36824,96624,0.5064
36959,81962,0.5184
37165,100950,0.5168
37176,47194,0.5044
37176,92294,0.5141
37176,99244,0.5220
37206,47929,0.5175
37277,85466,0.5146
37277,96624,0.5131
37358,47929,0.5360
38030,58327,0.5020
38030,85466,0.5140
38298,74190,0.5346
38298,81962,0.5130
38298,82714,0.5211
38298,88886,0.5059
38702,47112,0.5061
38893,47112,0.5061
38893,47929,0.5198
38893,78972,0.5077
42121,85466,0.5006
42121,91157,0.5035
42740,55104,0.5042
42842,94018,0.5185
43038,53266,0.5162
43038,81962,0.5075
43038,94018,0.5008
43099,91351,0.5027
43128,56267,0.5439
44550,73537,0.5025
46191,47929,0.5188
46191,90659,0.5041
46364,67674,0.5388
46364,70717,0.5063
46364,74190,0.5230
46364,82714,0.5066
46552,85466,0.5038
47112,47929,0.5530
47112,54678,0.5021
47112,54719,0.5108
47112,58648,0.5133
47112,68874,0.5053
47112,73537,0.5378
47112,90659,0.5361
47112,91157,0.5121
47112,98667,0.5271
47727,72732,0.5029
47929,50546,0.5325
47929,52431,0.5027
47929,53266,0.5550
47929,54719,0.5059
47929,63973,0.5149
47929,68130,0.5295
47929,68344,0.5125
47929,70291,0.5231
47929,73537,0.5126
47929,73568,0.5272
47929,74842,0.5243
47929,80238,0.5147
47929,81869,0.5200
47929,81962,0.5010
47929,83312,0.5289
47929,90659,0.5606
47929,91157,0.5487
47929,91351,0.5262
47929,93450,0.5119
47929,94827,0.5125
47929,96075,0.5098
47929,98667,0.5140
47929,100053,0.5140
47929,100078,0.5097
47929,101403,0.5373
48991,82714,0.5335
49869,96075,0.5008
50435,53266,0.5353
50439,83312,0.5004
50458,60182,0.5854
50546,68130,0.5123
50546,90659,0.5119
50546,96075,0.5093
50546,101403,0.5056
51233,81962,0.5142
51233,94018,0.5308
51233,100078,0.5045
51236,52431,0.5099
51236,68874,0.5085
51236,78516,0.5219
51236,83312,0.5265
51236,85466,0.5160
51236,91351,0.5146
51236,101403,0.5104
52316,85466,0.5099
52380,96075,0.5068
52431,53266,0.5197
52431,85466,0.5184
52431,101403,0.5087
52494,99903,0.8379
52611,96624,0.5141
52773,85466,0.5226
53266,61933,0.5272
53266,64420,0.5341
53266,67674,0.5263
53266,68874,0.5168
53266,70717,0.5271
53266,72732,0.5030
53266,74190,0.5383
53266,81962,0.5350
53266,93450,0.5073
53266,100078,0.5391
54719,63973,0.5117
54719,68874,0.5041
54966,93602,0.5005
56568,66758,0.5134
56568,74190,0.5117
56568,81962,0.5345
56568,83312,0.5050
56568,94018,0.5274
56951,82714,0.5214
58327,70717,0.5339
58327,74190,0.5295
58327,77806,0.5089
58327,85466,0.5030
58327,91946,0.5087
58327,94606,0.5082
59636,91157,0.5007
61540,74190,0.5132
61876,67674,0.5102
61876,74190,0.5088
62897,71373,0.5202
62897,85466,0.5100
62897,97493,0.5052
62897,99432,0.5038
63259,63688,0.5112
63259,90659,0.5005
63688,70291,0.5139
63688,79038,0.5058
63688,85466,0.5317
63688,90659,0.5487
63688,91351,0.5227
63800,96624,0.5166
63989,73959,0.5926
64420,70291,0.5070
64420,78516,0.5050
64420,96624,0.5151
66463,101356,0.5159
66758,67612,0.5136
66758,84847,0.5034
66758,94018,0.5065
66758,98763,0.5066
66758,98994,0.5011
67674,68323,0.5086
67674,74190,0.5385
67674,81962,0.5151
68101,93602,0.5234
68130,90659,0.5037
68130,100548,0.5023
68158,81962,0.5038
68323,70717,0.5127
68323,74190,0.5269
68323,81962,0.5273
68323,94018,0.5296
68323,100950,0.5002
68874,75288,0.5017
68874,78516,0.5072
68874,85466,0.5206
68874,90659,0.5134
68874,91157,0.5053
68874,91351,0.5148
68874,102558,0.5055
69679,74190,0.5091
70291,78516,0.5039
70291,81962,0.5098
70291,85466,0.5258
70291,90659,0.5211
70291,91157,0.5242
70291,94018,0.5097
70291,100078,0.5193
70717,74190,0.5059
70717,92029,0.5036
71302,75159,0.5252
73056,100976,0.5724
73537,90659,0.5065
73537,98667,0.5093
73568,90659,0.5056
73568,100548,0.5069
74190,81962,0.5544
74190,82714,0.5114
74190,87233,0.5021
74190,88886,0.5026
74190,90296,0.5081
74190,92163,0.5157
74190,94018,0.5287
74190,94427,0.5138
74190,97493,0.5097
74190,99846,0.5153
74190,100078,0.5092
74874,79320,0.5289
75288,79724,0.5070
77398,90659,0.5045
77806,85466,0.5088
77806,101403,0.5024
78268,85466,0.5130
78268,101403,0.5027
78299,85765,0.5045
78516,100078,0.5584
79038,94018,0.5012
80238,81962,0.5294
80238,91157,0.5040
80238,100078,0.5041
80345,93514,0.5007
81458,94018,0.5066
81962,82714,0.5237
81962,83312,0.5184
81962,84596,0.5120
81962,84847,0.5068
81962,86231,0.5215
81962,86370,0.5137
81962,90296,0.5304
81962,91157,0.5022
81962,94018,0.5590
81962,94427,0.5218
81962,96624,0.5064
81962,98243,0.5090
81962,100078,0.5333
81962,100950,0.5184
82246,93602,0.5087
82602,85466,0.5131
82714,83056,0.5169
82714,84061,0.5110
82714,86231,0.5162
82714,96624,0.5250
83312,96075,0.5057
83312,100078,0.5042
83312,101403,0.5104
85466,90659,0.5341
85466,91351,0.5090
85466,96176,0.5185
85466,101403,0.5157
85466,102558,0.5027
87444,96075,0.5006
89566,91157,0.5031
90296,94018,0.5062
90659,96176,0.5064
90659,98667,0.5042
90659,101403,0.5257
91157,91351,0.5062
91157,94018,0.5230
91157,100078,0.5401
91157,100548,0.5156
92816,102068,0.5048
94018,97493,0.5192
96075,101403,0.5005
96624,100078,0.5098
98294,98623,0.5005
98623,103531,0.5068
