413,82714,0.5262
451,9017,0.5074
1323,63688,0.5201
3583,34365,0.5041
5352,42740,0.5169
7090,47929,0.5039
7623,15038,0.5124
7623,20443,0.5227
7623,61540,0.5089
7623,72732,0.5180
7848,34193,0.5143
7872,85466,0.5005
7872,99432,0.5297
8001,18866,0.5132
9017,16360,0.5004
9017,16792,0.5012
9017,31818,0.5410
9017,85466,0.5014
9771,10582,0.5002
10511,90659,0.5013
10582,35226,0.5062
12451,85466,0.5033
12451,96809,0.5016
15038,29806,0.5395
16013,53266,0.5354
16013,78516,0.5172
16013,82714,0.5167
16193,32869,0.5127
16360,68861,0.5128
16360,85466,0.5010
18866,91157,0.5402
19152,58327,0.5002
20163,100078,0.5056
20443,54719,0.5105
20443,68874,0.5222
20443,70291,0.5106
20443,74190,0.5336
20443,81962,0.5125
20676,63688,0.5213
20676,73744,0.5007
20676,85466,0.5096
20676,90659,0.5061
23895,47929,0.5066
26562,47929,0.5029
30250,32305,0.5122
30250,61924,0.5064
30250,66679,0.5206
30250,72379,0.5054
30250,96075,0.5038
30524,55032,0.7236
32305,35418,0.5149
32305,47929,0.5212
32671,100078,0.5089
33366,72732,0.5215
33366,99432,0.5031
35418,47112,0.5010
35418,47929,0.5418
35418,53266,0.5445
35418,56568,0.5048
35418,81962,0.5062
35418,91157,0.5094
35418,100078,0.5041
35769,85466,0.5049
38298,82714,0.5211
42740,100078,0.5156
47112,68874,0.5053
47112,85466,0.5002
47112,98667,0.5271
47929,63973,0.5149
47929,73537,0.5126
47929,80238,0.5147
47929,81869,0.5200
49869,96075,0.5008
52494,99903,0.8379
54719,68874,0.5041
54966,93602,0.5005
56568,74190,0.5117
56568,81962,0.5345
58327,91946,0.5087
59636,91157,0.5007
61924,93765,0.5084
62897,71373,0.5202
63688,85466,0.5317
63688,90659,0.5487
63973,101287,0.5239
64781,97493,0.5283
66758,85266,0.5071
66758,98994,0.5011
68874,85466,0.5206
68874,91157,0.5053
68874,91351,0.5148
70291,81962,0.5098
70291,90659,0.5211
70291,91157,0.5242
70291,100078,0.5193
73744,77806,0.5067
74190,81962,0.5544
74190,100078,0.5092
78516,100078,0.5584
79038,94018,0.5012
80238,100078,0.5041
81458,97493,0.5014
81962,84847,0.5068
81962,91157,0.5022
81962,100078,0.5333
82714,84061,0.5110
85466,90659,0.5341
85466,91351,0.5090
91157,96809,0.5178
91157,100078,0.5401
94018,97493,0.5192
